00.820:0:726 914;831 914;831 669;521 669;521 817;727 817
00.822:1:522 823;721 823;721 915;521 915
00.823:2:721 920;721 1029;521 1029;521 921
00.825:3:912 1298;521 1298;521 1034;910 1034
00.827:4:910 1300;910 1560;523 1560;523 1300
00.829:5:802 1667;520 1667;520 1564;803 1564
00.830:6:521 1673;803 1673;803 1775;520 1775
00.831:7:520 1778;804 1778;804 1882;675 1882;675 1932;520 1932
00.833:8:519 1935;743 1935;743 2189;662 2189;662 2211;522 2211
00.836:9:748 1936;911 1936;911 2038;746 2038
00.835:10:746 2041;909 2041;909 2190;745 2190
00.086:11:804 2532;662 2532;662 2508;512 2508;512 2623;521 2623;521 2837;804 2837
00.710:12:520 2841;803 2841;803 2947;875 2947;875 3051;518 3051
00.712:13:520 3054;875 3054;875 3263;520 3263
00.714:14:520 3266;875 3266;875 3341;804 3341;804 3476;520 3476
00.716:15:521 3479;811 3479;811 3582;788 3582;788 3688;809 3688;809 3793;520 3793
00.718:16:520 3798;798 3798;798 3820;787 3820;787 3914;798 3914;798 3928;808 3928;808 3955;521 3955
00.720:17:522 3958;662 3958;662 4104;521 4104
00.719:18:667 3958;809 3958;809 4065;832 4065;832 4103;667 4103
00.722:19:780 4107;780 4126;792 4126;792 4183;831 4183;831 4367;831 4388;514 4388;514 4128;573 4128;573 4107
00.726:20:993 4185;1031 4185;1031 4128;1040 4128;1040 4103;1032 4103;1032 4062;1040 4062;1040 4012;1299 4012;1299 4102;1249 4102;1249 4124;1300 4124;1300 4129;1308 4129;1308 4386;994 4386
00.732:21:1014 4006;1301 4006;1301 3478;888 3478;888 3983;1013 3983
00.750:22:954 3265;1079 3265;1079 3473;953 3473
00.737:23:1084 3473;1299 3473;1299 3053;1162 3053;1162 2851;1019 2851;1019 2893;951 2893;951 3157;975 3157;975 3262;1083 3262
00.739:24:1166 2850;1301 2850;1301 3051;1164 3051
00.703:25:1127 2664;1299 2664;1299 2839;1127 2839
00.702:26:1016 2749;1119 2749;1119 2662;1102 2662;1102 2598;1016 2598
00.809:27:1020 1672;1302 1672;1302 1871;1020 1871
00.807:28:1169 1881;1295 1881;1295 1986;1169 1986
00.810:29:1017 1566;1147 1566;1147 1667;1019 1667
00.810A:30:1151 1566;1301 1566;1301 1667;1151 1667
00.811:31:1197 1560;1299 1560;1299 1460;1197 1460
00.812A:32:1151 1453;1300 1453;1300 1353;1150 1353
00.812:33:1145 1352;1021 1352;1021 1456;1146 1456
00.813:34:1196 1247;1300 1247;1300 1347;1195 1347
00.814A:35:1151 1140;1301 1140;1301 1241;1148 1241
00.814:36:1146 1141;1146 1244;1022 1244;1022 1141
00.815:37:1019 1134;1302 1134;1302 1035;1020 1035
00.816:38:1154 937;1302 937;1302 1030;1152 1030
00.817:39:1096 934;1261 934;1261 916;1302 916;1302 683;1130 683;1130 819;1095 819
00.818:40:1089 934;1034 934;1034 914;993 914;993 670;1125 670;1125 817;1091 817
00.068:41:1409 1788;1832 1788;1832 2199;1392 2199;1392 1965;1408 1965
00.065:42:1835 2200;2044 2200;2044 1786;1835 1786
00.062:43:2049 2199;2485 2199;2485 1967;2470 1967;2470 1788;2050 1788
00.071:44:1391 2520;1832 2520;1832 2938;1409 2938;1409 2757;1391 2757
00.075:45:1838 2938;2471 2938;2471 2756;2485 2756;2485 2521;1837 2521
00.058:46:2574 2190;2926 2190;2926 1989;2575 1989
00.633:47:2860 1987;2577 1987;2577 1565;2860 1565
00.625:48:2859 1560;2576 1560;2576 1031;2858 1031
00.622:49:2859 1030;2577 1030;2577 939;2617 939;2617 913;2574 913;2574 679;2746 679;2746 668;2884 668;2884 845;2847 845;2847 938;2860 938
00.616:50:3047 914;3089 914;3089 1031;3356 1031;3356 937;3314 937;3314 916;3352 916;3352 682;3181 682;3181 667;3049 667
00.612:51:3070 1035;3357 1035;3357 1147;3347 1147;3347 1674;3354 1674;3354 1789;3272 1789;3272 1755;3222 1755;3222 1788;3069 1788;3069 1553;3031 1553;3031 1253;3080 1253;3080 1238;3065 1238;3065 1156;3070 1156
00.640:52:3066 1870;3066 1561;3027 1561;3027 1349;2925 1349;2925 1870
00.643:53:3025 1344;3025 1248;3064 1248;3064 1194;2925 1194;2925 1346
00.506:54:2576 2534;2894 2534;2894 2732;2578 2732
00.507:55:2576 2735;2860 2735;2860 2838;2758 2838;2758 2934;2688 2934;2688 2923;2578 2923
00.508:56:2880 2935;2880 2840;2761 2840;2761 2933
00.509:57:2855 3164;2855 2938;2688 2938;2688 3163
00.510:58:2684 2929;2684 3049;2576 3049;2576 2929
00.511:59:2577 3054;2684 3054;2684 3162;2579 3162
00.514:60:2880 3169;2880 3315;2866 3315;2866 3585;2884 3585;2884 3801;2868 3801;2868 3787;2578 3787;2578 3167
00.520:61:2859 4102;2837 4102;2837 4167;2882 4167;2882 4388;2570 4388;2570 4128;2630 4128;2630 4104;2576 4104;2576 3794;2858 3794
00.533:62:3356 4101;3303 4101;3303 4127;3361 4127;3361 4386;3045 4386;3045 4126;3095 4126;3095 4103;3076 4103;3076 3791;3354 3791
00.539:63:3357 3786;3357 3167;3033 3167;3033 3331;3065 3331;3065 3636;3045 3636;3045 3802;3064 3802;3064 3786
00.544:64:3227 3054;3227 3161;3355 3161;3355 3052
00.543:65:3221 3052;3221 3163;2995 3163;2995 3055
00.545:66:3356 3051;2998 3051;2998 2834;3064 2834;3064 2846;3080 2846;3080 2828;3018 2828;3018 2700;3301 2700;3301 2835;3356 2835
00.051:67:3303 2694;3017 2694;3017 2534;3301 2534
00.303:68:4796 2536;5245 2536;5236 2672;5201 2821;5108 2821;5108 2848;4934 2848;4934 2819;4844 2819;4809 2687
00.304:69:4829 2858;5216 2858;5221 2850;5303 2872;5289 3043;5268 3163;5240 3289;5248 3292;5236 3331;5128 3290;4914 3290;4808 3331;4798 3290;4803 3289;4774 3163;4754 3044;4739 2872;4822 2851
00.307:70:4820 3385;4859 3458;5184 3458;5222 3385;5321 3423;5310 3604;5268 3836;5239 3941;5247 3944;5235 3984;5226 3980;5212 4025;4832 4025;4816 3979;4810 3982;4798 3944;4804 3942;4776 3837;4734 3605;4721 3424
00.308:71:4939 4145;4939 4385;4624 4385;4624 4128;4685 4128;4685 4107;4891 4107;4891 4148
00.310:72:5103 4147;5152 4147;5152 4109;5358 4109;5358 4127;5418 4127;5418 4388;5103 4388
00.401:73:4927 2190;5416 2190;5416 1460;4631 1460;4631 1870;4926 1870
00.402:74:5416 1453;5416 935;5372 935;5372 914;5413 914;5413 682;5236 682;5236 667;5105 667;5105 913;5143 913;5143 935;5098 935;5098 967;4949 967;4949 937;4899 937;4899 913;4940 913;4940 671;4811 671;4811 682;4634 682;4634 913;4674 913;4674 937;4635 937;4635 1454
00.011:75:6681 2092;6681 1786;5423 1786;5423 2093;5503 2093;5503 2201;5729 2201;5729 2060;6263 2060;6263 2202;6599 2202;6599 2096
00.016:76:5886 2057;5732 2057;5732 2201;5889 2201
00.014:77:6048 2061;6048 2202;5892 2202;5892 2059
00.013:78:6053 2058;6263 2058;6263 2201;6053 2201
00.029:79:5519 2936;6154 2936;6154 2523;5503 2523;5503 2756;5521 2756
00.023:80:6595 2756;6595 2522;6157 2522;6157 2533;6161 2533;6161 2553;6158 2553;6158 2933;6580 2933;6580 2756
00.201:81:6686 1870;6982 1870;6982 1881;7308 1881;7308 873;7157 873;7157 914;7200 914;7200 938;7153 938;7153 971;7002 971;7002 938;6956 938;6956 913;6996 913;6996 875;6846 875;6846 927;6728 927;6728 937;6686 937
00.206:82:6984 2191;6984 1884;7173 1884;7173 1891;7193 1891;7193 1885;7460 1885;7460 1890;7466 1890;7466 2192;7461 2192;7461 2209;7330 2209;7330 2188
00.208:83:7311 1880;7459 1880;7459 1874;7466 1874;7466 1779;7313 1779
00.209:84:7466 1774;7311 1774;7311 1672;7466 1672
00.210:85:7467 1667;7312 1667;7312 1567;7460 1567;7460 1572;7467 1572
00.211:86:7467 1460;7467 1554;7461 1554;7461 1562;7313 1562;7313 1460
00.212:87:7467 1455;7311 1455;7311 1354;7468 1354
00.213:88:7467 1254;7467 1348;7312 1348;7312 1246;7460 1246;7460 1254
00.214:89:7468 1236;7461 1236;7461 1243;7312 1243;7312 1140;7466 1140
00.215:90:7312 1034;7467 1034;7467 1136;7312 1136
00.216:91:7311 1029;7467 1029;7467 937;7425 937;7425 927;7311 927
00.217:92:7312 923;7425 923;7425 915;7467 915;7467 722;7461 722;7461 704;7467 704;7467 681;7311 681
00.217A:93:7306 870;7306 683;7292 683;7292 669;7157 669;7157 871
00.218A:94:6995 869;6995 670;6860 670;6860 681;6846 681;6846 871
00.218:95:6842 923;6728 923;6728 912;6687 912;6687 722;6694 722;6694 703;6686 703;6686 683;6843 683
00.140:96:7079 2533;7242 2533;7242 2788;7079 2788
00.138:97:7248 2532;7329 2532;7329 2513;7462 2513;7462 2530;7472 2530;7472 2624;7465 2624;7465 2678;7249 2678
00.137:98:7248 2682;7467 2682;7467 2830;7461 2830;7461 2837;7289 2837;7289 2838;7246 2838
00.136:99:7248 2843;7461 2843;7461 2848;7466 2848;7466 2944;7249 2944
00.135:100:7250 2949;7466 2949;7466 3050;7250 3050
00.134:101:7249 3054;7467 3054;7467 3149;7460 3149;7460 3156;7249 3156
00.133:102:7460 3162;7460 3166;7468 3166;7468 3261;7248 3261;7248 3161
00.132:103:7248 3268;7466 3268;7466 3369;7248 3369
00.131:104:7467 3373;7467 3468;7461 3468;7461 3476;7249 3476;7249 3373
00.130:105:7248 3479;7461 3479;7461 3486;7466 3486;7466 3582;7248 3582
00.129:106:7248 3587;7466 3587;7466 3688;7248 3688
00.128:107:7249 3693;7468 3693;7468 3786;7461 3786;7461 3796;7247 3796
00.146:108:7072 3671;7072 3712;7188 3712;7188 3531;7074 3531
00.144:109:7072 3399;7187 3399;7187 3467;7176 3467;7176 3487;7187 3487;7187 3526;7073 3526
00.115:110:6687 3692;6969 3692;6969 3787;6962 3787;6962 3798;6693 3798;6693 3786;6687 3786
00.114:111:6969 3687;6687 3687;6687 3585;6969 3585
00.113:112:6969 3579;6686 3579;6686 3486;6693 3486;6693 3480;6960 3480;6960 3486;6968 3486
00.112:113:6687 3374;6969 3374;6969 3467;6961 3467;6961 3475;6693 3475;6693 3467;6687 3467
0.111:114:6969 3368;6687 3368;6687 3268;6968 3268
00.110:115:6969 3261;6687 3261;6687 3166;6692 3166;6692 3161;6961 3161;6961 3167;6969 3167
00.109:116:6969 3054;6688 3054;6688 3150;6693 3150;6693 3155;6960 3155;6960 3151;6970 3151
00.108:117:6969 3051;6687 3051;6687 2849;6969 2849
00.142:118:7072 3155;7174 3155;7174 3166;7185 3166;7185 3281;7073 3281
00.125:119:7152 3804;7468 3804;7468 4007;7198 4007;7152 3962
00.124:120:7266 4012;7468 4012;7468 4103;7414 4103;7414 4117;7265 4117
00.122:121:7207 4124;7412 4124;7412 4128;7473 4128;7473 4387;7158 4387;7158 4128;7206 4128
00.117:122:6892 3804;6892 4051;6788 4051;6788 4103;6687 4103;6687 3806
00.119:123:6847 4109;6847 4388;6679 4388;6679 4127;6739 4127;6739 4108
00.121:124:6852 4108;6946 4108;6946 4126;6955 4126;6955 4191;6995 4191;6995 4388;6852 4388
00.104:125:6978 2710;6978 2748;6867 2748;6867 2708;6850 2708;6850 2660;6883 2660;6883 2633;6974 2633;6974 2709
00.105:126:6867 2755;6978 2755;6978 2830;6962 2830;6962 2842;6868 2842
